,RNA_sequence,RNA_structure,Mfes,Fitness,Evals
0,UGAGCCCCGAUUCCGGGUUUUUGACCAAAGGGUAUCCUCUGAUACUCUAGAUCUGGAGCUCAC,(((((((.((((...((((...))))..((((((((....)))))))).)))).)).))))).,-21.4,0.0322580645161,0
1,GAGAUGCCCGGCGGGGCUUGGAUAGAUCCGAGUAGUUAAUACUACACUCAGGAGAGUAUUUCA,(((((((((....))))(((((....)))))(((((....)))))((((....))))))))).,-21.5,1.0,0
2,GAGGAAUCGUAAACGAUGUGCCGGGAGGCACGGGAGCUAACUUUUACUUAUUAAAGUUCUUCG,(((((((((....))))(((((....)))))........(((((........)))))))))).,-16.9,0.0588235294118,0
3,GGGUUCAUCCCCCGAUGGGCUUGAACGAGCCUUUGCACUUGCAGAGCAGGUCUCUGUAACCCU,(((((((((....))))(((((....)))))(((((....)))))((((....))))))))).,-21.4,1.0,0
4,GCAAUAUCCCUUUGGAUAGGUGAUAACACCUACGUAAUUAUACGUGAAGGCCCCUUCGUUGCG,(((((((((....))))(((((....)))))(((((....)))))((((....))))))))).,-18.7,1.0,0
5,GGGUACAUCCUACGAUGGGUCUGACCGGACCUUUGCACAUGUAGAACAGGUGGCUGUUACCCU,(((((((((....))))(((((....)))))(((((....)))))((((....))))))))).,-20.1,1.0,0
6,ACAAGAUACCAGGGUAUAAGCGAUAACGUUUACCGAAUUCUUGGUGAAGGCCCCUUCCUUGUG,(((((..(((((((..((((((....))))))......)))))))((((....))))))))).,-14.3,0.0555555555556,0
7,GCAAGAUCCCUUUGGAUGGGCAAUAAUGCCCACGUAAUUGUACGUGAAGGCCCCUUCCUUGCA,(((((((((....))))(((((....)))))(((((....)))))((((....))))))))).,-23.1,1.0,0
8,CUAAGAUCCCCUGGGAUAAUCGAUAACGGUUACGUAAUAAUACGUGAAGGCCCCUUCCUUAGG,(((((((((....))))(((((....)))))(((((....)))))((((....))))))))).,-14.4,1.0,0
9,GGUUUCAUCCUCCGAUGUGUUUGUACGAACAUUUGCACAUGCAGAACAGGUCUCUGUAAGCCU,(((((((((....))))(((((....)))))(((((....)))))((((....))))))))).,-13.2,1.0,0
10,AGAGACCGGUAUCCCGGGAUUCAACCGAAUUUUAGUUGUUACUGAACUGUCACCAGUUCUCUA,(((((((((....))))(((((....)))))(((((....)))))((((....))))))))).,-16.8,1.0,0
11,GGCUUCAUCUUCAGAUGCGUUUCACCGAACGUUAGUUGCUGCUGAACGGUACACUGUAAGCCU,(((((((((....))))(((((....)))))(((((....)))))((((....))))))))).,-14.2,1.0,0
12,CCUUGUGCGGCACCGCAGCGGUUAGUGCCGCUGGAAUUAUUUUCAAGAUUGCCAUCUCAGGGC,(((((...((((...(((((((....)))))))(((.....))).....))))....))))).,-21.5,0.037037037037,0
13,UCAAACUAGCUCCCUGGGGCAGCUACCUGCCGCACCUAUUGGUGUAUGGUAGACCGUUUUGAG,(((((.(((((((....)).))))).((((((((((....)))))..))))).....))))).,-20.3,0.0294117647059,0
14,GGGCGUACCAGCGGGUGGAUGAGAUAUUAUCGUUAGUCCUUUAACGAAGAGAGCUUCUGCCCG,((.....))..((((((((..((...((.(((((((....))))))).))...)))))))))),-19.7,0.0357142857143,0
15,GGCUUCAACGUCAGUUGCGUUUCACCGAACGUAGGGUCCUUCCUAACUGAACUCAGUAAGCCU,(((((((((....))))(((((....)))))(((((....)))))((((....))))))))).,-17.6,1.0,0
16,UGACUCUAGCUCUCUGGGCGUGACUCCACGCGUACCUAUCGGUAUACGUUACAACGUAGUCAG,(((((((((....))))(((((....)))))(((((....)))))((((....))))))))).,-19.5,1.0,0
17,GAGGGAUCGUAAACGAUGUGACGGGAGUCACGCGAGCCAACUUGCACUUAUUAAAGUCCUUCG,(((((((((....))))(((((....)))))(((((....)))))((((....))))))))).,-21.4,1.0,0
18,GGUUUCAACCUCAGUUGCGUUUCACCGAACGUUGGGUCCUUCCGAACUGAACUCAGUAAACCU,(((((((((....))))(((((....)))))(((((....)))))((((....))))))))).,-13.2,1.0,0
19,GUAAGAUCCCUUGGGAUAUCCGUGAACGGGUACGUAAUUAUACGUGAAGGCCCCUUCCUUACG,(((((((((....))))(((((....)))))(((((....)))))((((....))))))))).,-17.3,1.0,0
20,AAAGUGACGUUGCCGUCGUUUGGUCACAAAUUGAUGCUCUUGUCAACUGUCCCCAGUGCUUUA,....(((((....(((((((((....)))).)))))....)))))((((....))))......,-13.4,0.05,0
21,UGAAACUCGCUCCCGGGGGCAGCCACCUGCCGCACCUACUGGUGUAUGGUAGACCGUUUUCAG,(((((((((....))))(((((....)))))(((((....)))))((((....))))))))).,-20.8,1.0,0
22,GGGUUCUUCCUCGGAAGCGUUUCGCCGAACGUUGGCCCCUGCUGAACUGAUCCCAGUGACCCU,(((((((((....))))(((((....)))))(((((....)))))((((....))))))))).,-17.2,1.0,0
23,ACAAGAUACCAGUGUAUAUGCGAUAACGUAUACCUAAUUCUAGGUGAAGCCCCCUUCCUUGUG,(((((((((....))))(((((....)))))(((((....)))))((((....))))))))).,-12.8,1.0,0
24,GAGGAAUCGUAAACGAUGUUGCGGGAGCGACGUGAGCUAACUUAUACUUAUUAAAGUUCUUCG,(((((((((....))))(((((....)))))(((((....)))))((((....))))))))).,-15.1,1.0,0
25,ACAUCCACCUAGCGGUGUCGGUGAAUGCUGACGUGCUUAUGCGCGAGAGAAGGCUCUGAUGUA,(((((((((....))))(((((....)))))(((((....)))))((((....))))))))).,-21.9,1.0,0
26,UGUCACCCGUAUCCGGGGGUUCCUCCGAACCUUAGUCGCUACUAAACUGUCACCAGUUGACAA,(((((((((....))))(((((....)))))(((((....)))))((((....))))))))).,-19.2,1.0,0
27,GGGGGUACCAGCGGGUGGAUGAGAUAUUAUCGUAAGUCCUUUUACGAAGAGUGCUUCUCCCCG,(((((((((....))))(((((....)))))(((((....)))))((((....))))))))).,-18.6,1.0,0
28,UGAGACCGGUUUCCCGGGUUUUGACCAAAGCGUAUCCUCUGAUACUCUAAAACUGGAUCUCAC,((((((((((((....(((....)))..((.(((((....))))).)).))))))).))))).,-18.1,0.0357142857143,0
29,GAGAUUUCUGGUAAGGAUAGGUGAGAGCCUAUUAGCAACUGCUAAAGUCAGGAGACUAUUUCG,(((((((((....))))(((((....)))))(((((....)))))((((....))))))))).,-15.0,1.0,0
30,CCAUGUGCGGAACCGCAUCGGUUUGUGCCGGUGGAAUUAUUUUCAAGAUUGCCAUCUCAUGGC,((((..(((((((((...)))))).)))..))))................(((((...))))),-17.3,0.0227272727273,0
31,UGAUUCUAGCUCUCUGGGGGUGGCUCCACCCGUACCUAUUGGUAUACGGUACCCCGUAGUCAA,(((((((((....))))(((((....)))))(((((....)))))((((....))))))))).,-20.6,1.0,0
32,CGAACGGGUGAAUGCCCUCGCCCUGUGGCGGCGUGCGUUUGCGCGAGAGAGAACUCUGUUCGA,(((((((((....))))(((((....)))))(((((....)))))((((....))))))))).,-26.6,1.0,0
33,GUGAGAUCCCUUGGGAUAAGCGGUAACGCUUACGUAAUUAUACGUGAAGGCCCCUUCCUUACG,(((((((((....))))(((((....)))))(((((....)))))((((....))))))))).,-19.0,1.0,0
34,GAGCUCAUCGUCCGAUGUGUAUGACCGUAUAUUGGCUCUUGCCGGGCUGACCUCAGCGGCUCC,(((((((((....))))(((((....)))))(((((....)))))((((....))))))))).,-18.5,1.0,0
35,CCAUGUCUCGAAUGAGACCGCUUAUUGGCGGGUGGCUUAUGCUGCAGAGAGCCCUCUCAUGGU,(((((((((....))))(((((....)))))(((((....)))))((((....))))))))).,-24.3,1.0,0
36,GGGGGUACCAGGGGGUGGAUGAGAAAUUAUCGUUAGUCCUUUAACGGUGAGUGCGCCUCCCCG,((.....))..((((.((.((.....((((((((((....))))))))))...)))).)))).,-22.4,0.037037037037,0
37,GAGCUCAUCGUCCGAUGUGUAUCACCGUACAUUGGCUCUUGCCGGGCUGACCUCAGCGGCUCC,(((((((((....))))(((((....)))))(((((....)))))((((....))))))))).,-20.2,1.0,0
38,GGGGGUACCAGGGGGUGGAUGAGAAAUUAUCGUUAGUCCUUUAACGGAGAGUGCUCCCCCCCG,(((((((((....))))(((((....)))))(((((....)))))((((....))))))))).,-23.2,1.0,0
39,CCAGGUCUCGAAUGAGACCGGCUAGUGCCGGGGGGAAUGUUCUCCAGAGAGACCUCUCCUGGU,(((((((((....))))(((((....)))))(((((....)))))((((....))))))))).,-28.9,1.0,0
40,GAGAUUCCGGGUUUGGAGUGGUGAGAGCCGCUUCGCUAGUGCGAAAGUCGGGAGACUAUUUCG,(((((((((....))))(((((....)))))(((((....)))))((((....))))))))).,-20.8,1.0,0
41,UGUCACCCGUAUCCGGGGGUUCCUCCGAACUUUAGUCGAUACUAAACUGUCACUAGUUGACAA,(((((((((....))))(((((....)))))(((((.((((......))))))))).))))).,-17.1,0.0555555555556,0
42,UGACUCCAGCUCCCUGGGGGUGGCUCCACCCGAACCUAUUGGUUUACGGUACACCGUAGUCAG,(((((((((....))))(((((....)))))(((((....)))))((((....))))))))).,-25.0,1.0,0
43,CGAACGGGCGAGUGCCCUCGCACUGUUGCGGCGAGCUUUUGCUCGAGAGAGGACUCUGUUCGA,(((((((((....))))(((((....)))))(((((....)))))((((....))))))))).,-28.1,1.0,0
44,GGGGGUACCAGGGGGUGGAUGAGAAAUUAUCGUUAGUCCAUUAACGGAGAGUGCUCCUCUCCG,((.....))....(((((((..((.....))....)))))))..(((((((.....))))))),-19.1,0.027027027027,0
45,UGGGGUACCAGCGGGUGGUUCAGAAAUGAGCGUUAGUCCUUUAACGAAGUAUGCUUCUCCCAG,(((((((((....))))(((((....)))))(((((....)))))((((....))))))))).,-17.6,1.0,0
46,UAAGUUACGUUGCCGUGGUUUGGUCACAAAUUGAUGCUCCUAUCAACUGUCCUCAGUGCUUAA,(((((((((....))))(((((....)))))(((((....)))))((((....))))))))).,-10.9,1.0,0
47,CGAACGGGCGAAUGCCCUCGCCCUGUGGCGGCGUGAUUAUUCGCGAGAGAGAACUCUGUUCGA,(((((((((....))))(((((....)))))(((((....)))))((((....))))))))).,-27.4,1.0,0
48,UGAUUCUAGCUCUCUAGGGGUGGCUCCACCCGUACCUAAUGGUAUACGGUACCCCGUAGUCAG,(((((((((....))))(((((....)))))(((((....)))))((((....))))))))).,-20.9,1.0,0
49,GGCUUCAGCCCCAGCUGCGUUUCACCGAACGAUUGGUCCUUCAGUACUGAACUCAGUAAGCCU,(((((((((....))))(((((....)))))(((((....)))))((((....))))))))).,-16.4,1.0,0
50,GUGGGUACCAGCGGGUGUAUGAGUAAUUAUAGUUUGUCCUUAAACGAAGAUUGCUUCUCCGCG,.(((...)))(((((.(...((((((((...(((((....)))))...)))))))))))))).,-15.8,0.0285714285714,0
51,CCAUGUGCGGAACCGCAGCGGUUAGUGCCGCUGGAAUUAUUUUCAAGAUCGCCAUCUCAUGGC,(((((((((....))))(((((....)))))(((((....)))))((((....))))))))).,-19.1,1.0,0
52,AGAGACGGGUAUCCCCGGAUUCAACGGAGUUUUAGUUGUUACUAAACUGUCACCAGUUCUCUA,(((((((((....))))(((((....)))))(((((....)))))((((....))))))))).,-15.3,1.0,0
53,GAGUUCCCUGUUAAGGGGUAGCGUGAGCUGCUUAGAAAGUUCUAGAUUAAGGAUAAUAAUUCA,(((((((((....))))(((((....))))).......(((((......)))))...))))).,-16.0,0.0416666666667,0
54,GUGGGGACCAGCGGGUCUAUGAGAAGUUAUAGUUAGUACUUUAACGAACAGUGGUUCUCCGCG,(((((((((....))))).......((((.(((....))).))))((((....)))).)))).,-17.7,0.05,0
55,GUAAGAUCUCUUGAGAUAAGCGAUAACGCUUACUUAAUAUUAAGUGAAGGCCCCUUCCUUACG,..........(((((.((((((....)))))))))))...((((.((((....))))))))..,-14.9,0.0344827586207,0
56,GAGAUGUCGGCAACGGCGUUGUUCGAACGGCGUAGUAGAUGCUACACUCAGGAGAGUAUUUCG,(((((((((....))))(((((....)))))(((((....)))))((((....))))))))).,-17.3,1.0,0
57,GAGCAGCCUGUUAAGGCGUAGCGUGAGCUGCUUAGAAACAUCUAGAUUCAGGAGAAUUGUUCA,(((((((((....))))(((((....)))))(((((....)))))((((....))))))))).,-20.3,1.0,0
58,CCAUGUCUCGAAUGAGACCCCUUAUUGGGGGGUGGAAUAUUCUGCAUAGAGCCCUAUCAUGGU,(((((((((....))))(((((....)))))(((((....)))))((((....))))))))).,-20.4,1.0,0
59,GAGUUCAUUGUCCGAUGUGUAUGGCCGUACAUUGGCUGUGGCCGAGCUGUCCUCAGUGACUCU,((((.(((((...((((.((.(((((..(((.....)))))))).))))))..))))))))).,-19.8,0.0294117647059,0
60,GGGGGUAGCAGCGGCUGGAUGAGAUAUUAUCGUUAGUCGUUUAACGAAGAGUGCUUCUCCCCG,(((((.((((((((((((((((....)))))..)))))))...........))))..))))).,-21.8,0.03125,0
61,GAGAUGCCCGGCGGGGCUUGGAUAGAUCCAAGUAGUUAAUACUACACUCAGGAGAGUAUUUCA,(((((((((....))))(((((....)))))(((((....)))))((((....))))))))).,-21.8,1.0,0
62,GGCUUCAGCCCCAGCUGCGUUUCACCGAACGAUGGGCCCUUCCGUUCUGAACUCAGGAAGCCU,((((((.((((......(((((....)))))..)))).........(((....))))))))).,-18.1,0.05,0
63,CCAUGUCUCGAAUGAGAACGCUUAUUGGCGUGUGGAAUAUUCUGCAGAGAACCCUCUCAUGGU,(((((((((....))))(((((....)))))(((((....)))))((((....))))))))).,-19.9,1.0,0
64,GGGUUCUUCCGCCGAAGGGGAUAACCGUCCCCUUGCUCUUGCAGGACAGCUAUCUGUGACCUU,(((((((((....))))(((((....)))))(((((....)))))((((....))))))))).,-20.4,1.0,0
65,ACAAGAUACUAGUGUAUUAGCGAUAACGUUAACCUAAUUCUAGGUGAAGGCCCCUUCCUUGUG,(((((((((....))))(((((....)))))(((((....)))))((((....))))))))).,-14.8,1.0,0
66,UGACUCCAGCUCCCUGGGGGUGGCACCACCCGUAGCUAUUGUUAUACGGUACACCGUAGUCAG,(((((((((....))))(((((....)))))(((((....)))))((((....))))))))).,-23.1,1.0,0
67,CCAUGUGAGGAACCUCAGCGGUAAGUGCCGCUGGAAUUAUUUUCAAGAGUGCCCUCUCAUGGG,(((((.((((.(((((((((((....)))))))(((.....))).)).))..)))).))))).,-25.5,0.05,0
68,UAAGUGUCGAUGCCGACGUUUGGUCACAAAUUGAUGCUCCUAUCAACUGUCCACAGUGCUUAA,..(((((((((...(((.....)))....))))))))).......((((....))))......,-13.5,0.027027027027,0
69,UUAGUACCGAAUUCGGUGAUUGCUCCCAAUUAAAGCAGCUGCUUUACUAAUAUUAGUACUGAA,(((((((((....))))(((((....)))))(((((....)))))((((....))))))))).,-11.6,1.0,0
70,GUGGGUACCAACGGGUGUAUGAGAAAUUAUAGUUUGUCCUUGAACGAAGAUUGCUUCUCCGCG,(((((((((....))))(((((....)))))(((((....)))))((((....))))))))).,-11.0,1.0,0
71,GAGAUGCCCGGCGGGGCUUGGAUAGAUCCGAGGAGUGAAUACUUCACUCAGGAGAGUAUUUCA,(((((((((....)).((((((....))))))(((((((...)))))))......))))))).,-21.5,0.0666666666667,0
72,CCAUGUCUCGCAGGAGACCGCUUAUUGGCGGGGGGAAUAUUCUCCAGAGAGCCCUCUCGUGGU,(((((((((....))))(((((....)))))(((((....)))))((((....))))))))).,-24.8,1.0,0
73,GGGUGCAUCCUCCGAUGGGUUAGACCUAACCGUUGCCCGUGCAGCAAAGGUCUCUUUCACCCU,(((((.((((......)))).((((((....(((((....)))))..))))))....))))).,-21.0,0.0322580645161,0
74,UGAUUCUAGCUCUCUGGGGGUGGUUCCACCCGUACCUAUUGGUAUACGGUACCCCGUAGUCAG,(((((((((....))))(((((....)))))(((((....)))))((((....))))))))).,-20.6,1.0,0
75,UGUCAUCCGUAUUCGGGGGUUGCUCCUAACUUUAGUCGCUACUAAACUGUCACCAGUUGACAA,((((.((((....))))(((.((..(((....)))..)).))).(((((....))))))))).,-13.6,0.0526315789474,0
76,GGGUGCAUCCUACGAUGAGUCUGACCGGACUUUUGCACAUGUAGAACAGGUCUCUGUCACCCU,(((((((((....))))(((((....)))))(((((....)))))((((....))))))))).,-18.2,1.0,0
77,GGCUUCAACCUCAGUUGCGUUUCACAGAACGUUGGGUCCUUCCGAAUUGAACUCAGUAAGCCU,(((((((((....))))(((((....)))))(((((....)))))((((....))))))))).,-13.4,1.0,0
78,GAGAUUCCUGGUUAGGAGUGGUUAGAGCCGCCUCGCAACUGCGAGAGUCGGGAGACUAUUUCG,(((((((((....))))(((((....)))))(((((....)))))((((....))))))))).,-22.3,1.0,0
79,GGGUUCUACCGCCGUAGGGGGUGCCCGCCCCCUUGCUCAUGCAGGACAGCUACCUGUGACCCU,(((((((((....))))(((((....)))))(((((....)))))((((....))))))))).,-25.6,1.0,0
80,GGGGGUACGAGGGCGUGGAUGAGAAAUUAUCGUUAGGCCUUUAACGGAGAGUGCUCCUCCCCG,(((((...((((((.(((((((....)))))..)).))))))...((((....))))))))).,-23.2,0.0416666666667,0
81,GUAAGUUCCCUUGGGAAAAGCGAUAGCGCUUACGUAAUUAUACGUGAAGGCCCCUUCCUUACG,(((((((((....))))(((((....)))))(((((....)))))((((....))))))))).,-16.9,1.0,0
82,GGCUUCAGCCCAAGCUGGGUUUCACCGAACCCUGGGUCCUUCCGGACAGAAAUCUGUAAGCCU,(((((((((....))))(((((....)))))(((((....)))))((((....))))))))).,-21.9,1.0,0
83,GAGAUGCCGACAACGGCGUUGAUCCAUCGGCGUAGUAAAUGCUACACUUAGGAGAGUAUUUCG,..(((((((....)))))))..(((...((.(((((....))))).))..)))..........,-16.7,0.03125,0
84,UGCUUCAUCCUCAGAUGCGUAUCACCGUACGUUGGUUUCUGCCGAAUGGAACACCGUAAGCAC,(((((((((....))))(((((....)))))(((((....)))))((((....))))))))).,-14.3,1.0,0
85,CCAUGUCUCGAAUGAGACCGCUUAUUGGCGGGUGGAAUAUUCUGCAGAGAGCCCUCUCAUGGU,(((((((((....))))(((((....)))))(((((....)))))((((....))))))))).,-21.7,1.0,0
86,GGCUUCAACCUCAGUUGCGUUUCACCGAACGUUGGGUCCUUCCGAACUGAACUUAGUAAGCCU,((((((((..((((((((((((....))))))((((....))))))))))..)).).))))).,-16.0,0.0555555555556,0
87,GAGAUGCCCGGCGGGGCUUGGAUAGAUCCGAGUAGGGAAAUCUACACUCAGGAGAGUAUUUCA,(((((((((....))))(((((....)))))(((((....)))))((((....))))))))).,-20.9,1.0,0
88,GGGUUCAACCUCCGUUGGGUUUGAACGAACCUUUGCACAUGCAGGACAGCUCUCUGUAACCCU,(((((((((....))))(((((....)))))(((((....)))))((((....))))))))).,-16.6,1.0,0
89,UGUCCUCCGUAUCCGGGGGUUCCUCCGAACUUUAGUCGCUACUAAACUGUCCCCAGUGGACAA,(((((((((....))))(((((....)))))(((((....)))))((((....))))))))).,-16.9,1.0,0
90,GUAAGAUCCCUUGGGAUAAGCGAUAACGCUUACGUAAUUAUACGUAAAGGCCUCUUUCUUACG,(((((((((....))))(((((....)))))(((((....)))))((((....))))))))).,-15.2,1.0,0
91,CUAUGUUCGGAACCGGAGCGGUUAAUGCCGCUGGAAUUAUUUUCAAGAGUGCCCUCUCAUGGC,(((((((((....))))(((((....)))))(((((....)))))((((....))))))))).,-16.0,1.0,0
92,CGAACGGGCGAGUGCCCUCGCCCUGUGGCGGCCAGCUUUUGCUGGAGAGAGAACUCUGUUCGA,(((((((((....))))(((((....)))))(((((....)))))((((....))))))))).,-30.5,1.0,0
93,UGCGACCCGAUUCCGGGUUUUUGACCAAAGGGUAUCCUCUGAUACUCUAGAGCUGGAUCGCAC,(((((.(((.(((..((((...))))..((((((((....)))))))).))).))).))))).,-20.0,0.0344827586207,0
94,GUAAGAUCCCUUGGGAUUAGCGAUGACGCUAACGUAAUUAUACGUGAAGGCCCCUUCCUUACG,(((((((((....))))(((((....)))))(((((....)))))((((....))))))))).,-18.0,1.0,0
95,UGUCAUCCGUAUCCGGGGGUUCCUCCGAACUUAAGUCGCUACUUAACUGUCACCAGUUGACAC,(((((((((....))))(((((....)))))(((((....)))))((((....))))))))).,-13.7,1.0,0
96,AGAGACCGGUAUCCCGGGAUUCAACCGAAUUUUUGUUGUUACGGAACUGUCACCAGUUCUCUA,(((((((((....))))(((((....)))))(((((....)))))((((....))))))))).,-15.6,1.0,0
97,CCAUGUCUCCCAUGAGACCGCUUAUUGGCGGGGGGAAUAUUCUCCAGGGAGCCCCCUCGUGGU,.........(((((((.(((((....)))))(((((....))))).(((...)))))))))).,-25.4,0.05,0
98,AAUGUGACGUUGCCGUCGUUUGGUCACAAAUUGAUGCUCUUAUCAACUGUACCCAGUGCGUUA,..((((((...((....))...))))))...((((((........((((....)))))))))),-13.0,0.0344827586207,0
99,UGGUUCUCCCGCCGGAGGGGAUGACCGUCCCCUUGCUUAUGCAGGACAGCUAUCUGUGACCAU,(((((((((....))))(((((....)))))(((((....)))))((((....))))))))).,-23.3,1.0,0
100,GAGAUUGCUGGUAAGUAGUGGUGACAGCCGCUUAGUAACUACUAAAGUCGGGAGACUAUUUCG,(((((((((....))))(((((....)))))(((((....)))))((((....))))))))).,-15.9,1.0,0
101,GUAAGAUCCCUUGGGAUAACCGAGAACGGUUACGUAAUUAUACGUGAAGGCCCCUUCCUUACG,(((((((((....))))(((((....)))))(((((....)))))((((....))))))))).,-17.5,1.0,0
102,GAGAUGCCGGCAACGGCGUUGAUCCAUCGGCGUAGUAAAUGCUACACUCAGGAGAGUAUUUCG,(((((((((....))))(((((....)))))(((((....)))))((((....))))))))).,-20.1,1.0,0
103,GGGGGUACCAGAGGGUGGAUGAGAAAUUAUCGUUAGUCCUUUAACGAAGAGUGCUUCUCCCCG,(((((((((....))))(((((....)))))(((((....)))))((((....))))))))).,-18.6,1.0,0
104,CCAGGUCUCGAAUGAGACCGGUUAUUGCCGGGGGGAAUGUUCUCCAGAGAGACCUCUCCUGGU,(((((((((....))))(((((....)))))(((((....)))))((((....))))))))).,-26.8,1.0,0
105,GGGUGCAUCCUCCGAUGGGUUUGACAGAACCUUUGGCCAUCCAGAACUGGUCUCAGUCACCCU,(((((((((....))))(((((....)))))(((((....)))))((((....))))))))).,-19.5,1.0,0
106,GCAAGAUCCCUUUGGAUAGGCAAUAAUGCCUACGUAAUUGUACGUGAAGGCCCCUUCCUUGCG,(((((((((....))))(((((....)))))(((((....)))))((((....))))))))).,-20.6,1.0,0
107,GCAUGGCUCGAAUGAGCCCGGUUAUUGCCGGGGGGAACAUUCUCCAGAGAGACCUCUCAUGCU,(((((((((....))))(((((....)))))(((((....)))))((((....))))))))).,-27.9,1.0,0
108,CCAUGUGCGGAACCGCAGCGGUUAGUGCCGCUGGAAUUAUUUUCAAGAUUGCCAUCUCAUGGC,(((((((((....))))(((((....)))))(((((....)))))((((....))))))))).,-19.1,1.0,0
109,GCAAUAUCCAUUUGGAUAGGCGAUAACGCCUACGUAAUUAUACGUGAAGGCCCCUUCGUUGCG,(((((((((....))))(((((....)))))(((((....)))))((((....))))))))).,-20.9,1.0,0
